47 25
30 18 1 1
1 0 0
1 1
30 32 1 1
1 0 0
1 1
42 25 1 1
1 0 0
1 1
23 25 1 3
0 0 0
2 2
BestaOgra: Gruuuuu;
Biorn: Morraaa;
1 0
3 1
22 25 0 0
4 22 0 0
4 23 0 0
4 24 0 0
4 25 0 0
4 26 0 0
4 27 0 0
4 28 0 0
5 19 0 0
5 20 0 0
5 21 0 0
5 29 0 0
5 30 0 0
5 31 0 0
6 16 0 0
6 17 0 0
6 18 0 0
6 32 0 0
6 33 0 0
6 34 0 0
7 15 0 0
7 35 0 0
8 14 0 0
8 23 0 0
8 24 0 0
8 25 0 0
8 26 0 0
8 27 0 0
8 36 0 0
9 12 0 0
9 13 0 0
9 20 0 0
9 21 0 0
9 22 0 0
9 28 0 0
9 29 0 0
9 30 0 0
9 37 0 0
9 38 0 0
10 11 0 0
10 18 0 0
10 19 0 0
10 24 0 0
10 25 0 0
10 26 0 0
10 30 0 0
10 31 0 0
10 32 0 0
10 39 0 0
11 11 0 0
11 12 0 0
11 13 0 0
11 14 0 0
11 15 0 0
11 21 0 0
11 22 0 0
11 23 0 0
11 27 0 0
11 28 0 0
11 29 0 0
11 32 0 0
11 40 0 0
12 9 0 0
12 11 0 0
12 12 0 0
12 13 0 0
12 14 0 0
12 15 0 0
12 18 0 0
12 19 0 0
12 20 0 0
12 30 0 0
12 31 0 0
12 32 0 0
12 33 0 0
12 34 0 0
12 35 0 0
12 41 0 0
13 8 0 0
13 10 0 0
13 11 0 0
13 12 0 0
13 13 0 0
13 32 0 0
13 36 0 0
13 37 0 0
13 42 0 0
14 7 0 0
14 32 0 0
14 38 0 0
14 43 0 0
15 7 0 0
15 11 0 0
15 12 0 0
15 13 0 0
15 14 0 0
15 15 0 0
15 16 0 0
15 17 0 0
15 18 0 0
15 19 0 0
15 20 0 0
15 21 0 0
15 22 0 0
15 23 0 0
15 24 0 0
15 25 0 0
15 26 0 0
15 27 0 0
15 28 0 0
15 29 0 0
15 30 0 0
15 31 0 0
15 32 0 0
15 39 0 0
15 43 0 0
15 44 0 0
16 6 0 0
16 11 0 0
16 18 0 0
16 19 0 0
16 20 0 0
16 21 0 0
16 32 0 0
16 39 0 0
16 44 0 0
17 5 0 0
17 10 0 0
17 11 0 0
17 12 0 0
17 13 0 0
17 14 0 0
17 15 0 0
17 16 0 0
17 17 0 0
17 18 0 0
17 19 0 0
17 23 0 0
17 24 0 0
17 25 0 0
17 26 0 0
17 27 0 0
17 32 0 0
17 40 0 0
17 45 0 0
18 5 0 0
18 9 0 0
18 10 0 0
18 11 0 0
18 18 0 0
18 20 0 0
18 21 0 0
18 22 0 0
18 28 0 0
18 29 0 0
18 30 0 0
18 32 0 0
18 40 0 0
18 41 0 0
18 45 0 0
19 4 0 0
19 9 0 0
19 10 0 0
19 11 0 0
19 18 0 0
19 19 0 0
19 31 0 0
19 32 0 0
19 35 0 0
19 41 0 0
19 46 0 0
20 4 0 0
20 8 0 0
20 9 0 0
20 10 0 0
20 15 0 0
20 18 0 0
20 32 0 0
20 35 0 0
20 42 0 0
20 46 0 0
21 3 0 0
21 8 0 0
21 9 0 0
21 14 0 0
21 15 0 0
21 18 0 0
21 22 0 0
21 28 0 0
21 32 0 0
21 35 0 0
21 36 0 0
21 42 0 0
21 47 0 0
22 3 0 0
22 7 0 0
22 8 0 0
22 9 0 0
22 13 0 0
22 14 0 0
22 15 0 0
22 18 0 0
22 22 0 0
22 28 0 0
22 32 0 0
22 35 0 0
22 36 0 0
22 37 0 0
22 43 0 0
22 47 0 0
23 2 0 0
23 7 0 0
23 8 0 0
23 13 0 0
23 15 0 0
23 18 0 0
23 32 0 0
23 35 0 0
23 37 0 0
23 43 0 0
23 48 0 0
24 2 0 0
24 7 0 0
24 8 0 0
24 13 0 0
24 14 0 0
24 18 0 0
24 22 0 0
24 28 0 0
24 32 0 0
24 36 0 0
24 37 0 0
24 43 0 0
24 48 0 0
25 2 0 0
25 7 0 0
25 13 0 0
25 18 0 0
25 22 0 0
25 28 0 0
25 32 0 0
25 37 0 0
25 43 0 0
25 44 0 0
25 45 0 0
25 46 0 0
25 47 0 0
26 2 0 0
26 7 0 0
26 13 0 0
26 18 0 0
26 32 0 0
26 37 0 0
26 43 0 0
27 2 0 0
27 7 0 0
27 13 0 0
27 18 0 0
27 22 0 0
27 28 0 0
27 32 0 0
27 37 0 0
27 43 0 0
27 44 0 0
27 45 0 0
27 46 0 0
27 47 0 0
27 48 0 0
28 2 0 0
28 7 0 0
28 8 0 0
28 13 0 0
28 14 0 0
28 18 0 0
28 22 0 0
28 28 0 0
28 32 0 0
28 36 0 0
28 37 0 0
28 43 0 0
28 48 0 0
29 2 0 0
29 7 0 0
29 8 0 0
29 13 0 0
29 14 0 0
29 15 0 0
29 18 0 0
29 32 0 0
29 35 0 0
29 36 0 0
29 37 0 0
29 42 0 0
29 43 0 0
29 48 0 0
30 2 0 0
30 3 0 0
30 7 0 0
30 9 0 0
30 13 0 0
30 14 0 0
30 15 0 0
30 22 0 0
30 28 0 0
30 35 0 0
30 37 0 0
30 41 0 0
30 42 0 0
30 43 0 0
30 47 0 0
30 48 0 0
31 3 0 0
31 8 0 0
31 9 0 0
31 14 0 0
31 15 0 0
31 16 0 0
31 17 0 0
31 18 0 0
31 22 0 0
31 28 0 0
31 32 0 0
31 33 0 0
31 34 0 0
31 35 0 0
31 36 0 0
31 41 0 0
31 42 0 0
31 47 0 0
32 3 0 0
32 4 0 0
32 8 0 0
32 10 0 0
32 15 0 0
32 18 0 0
32 32 0 0
32 35 0 0
32 40 0 0
32 41 0 0
32 42 0 0
32 46 0 0
33 4 0 0
33 9 0 0
33 11 0 0
33 15 0 0
33 16 0 0
33 17 0 0
33 18 0 0
33 19 0 0
33 31 0 0
33 32 0 0
33 33 0 0
33 34 0 0
33 35 0 0
33 39 0 0
33 40 0 0
33 41 0 0
33 46 0 0
34 4 0 0
34 5 0 0
34 9 0 0
34 11 0 0
34 18 0 0
34 19 0 0
34 20 0 0
34 21 0 0
34 22 0 0
34 28 0 0
34 29 0 0
34 30 0 0
34 31 0 0
34 32 0 0
34 39 0 0
34 41 0 0
34 45 0 0
35 5 0 0
35 10 0 0
35 12 0 0
35 18 0 0
35 22 0 0
35 23 0 0
35 24 0 0
35 25 0 0
35 26 0 0
35 27 0 0
35 28 0 0
35 32 0 0
35 38 0 0
35 39 0 0
35 40 0 0
35 45 0 0
36 5 0 0
36 6 0 0
36 11 0 0
36 13 0 0
36 19 0 0
36 20 0 0
36 21 0 0
36 29 0 0
36 30 0 0
36 31 0 0
36 37 0 0
36 38 0 0
36 39 0 0
36 44 0 0
37 6 0 0
37 7 0 0
37 11 0 0
37 14 0 0
37 15 0 0
37 22 0 0
37 23 0 0
37 24 0 0
37 25 0 0
37 26 0 0
37 27 0 0
37 28 0 0
37 35 0 0
37 36 0 0
37 37 0 0
37 39 0 0
37 43 0 0
38 7 0 0
38 12 0 0
38 16 0 0
38 34 0 0
38 35 0 0
38 38 0 0
38 43 0 0
39 7 0 0
39 8 0 0
39 13 0 0
39 14 0 0
39 17 0 0
39 33 0 0
39 34 0 0
39 36 0 0
39 37 0 0
39 42 0 0
40 8 0 0
40 9 0 0
40 15 0 0
40 17 0 0
40 18 0 0
40 19 0 0
40 20 0 0
40 28 0 0
40 32 0 0
40 33 0 0
40 35 0 0
40 41 0 0
41 9 0 0
41 10 0 0
41 16 0 0
41 20 0 0
41 21 0 0
41 22 0 0
41 23 0 0
41 27 0 0
41 28 0 0
41 29 0 0
41 30 0 0
41 31 0 0
41 32 0 0
41 34 0 0
41 40 0 0
41 41 0 0
42 10 0 0
42 11 0 0
42 17 0 0
42 18 0 0
42 19 0 0
42 24 0 0
42 26 0 0
42 33 0 0
42 39 0 0
42 40 0 0
43 11 0 0
43 12 0 0
43 13 0 0
43 20 0 0
43 21 0 0
43 22 0 0
43 24 0 0
43 26 0 0
43 28 0 0
43 29 0 0
43 30 0 0
43 31 0 0
43 32 0 0
43 37 0 0
43 38 0 0
43 39 0 0
44 13 0 0
44 14 0 0
44 23 0 0
44 24 0 0
44 26 0 0
44 27 0 0
44 36 0 0
44 37 0 0
45 14 0 0
45 15 0 0
45 35 0 0
45 36 0 0
46 15 0 0
46 16 0 0
46 17 0 0
46 18 0 0
46 32 0 0
46 33 0 0
46 34 0 0
46 35 0 0
47 18 0 0
47 19 0 0
47 20 0 0
47 21 0 0
47 29 0 0
47 30 0 0
47 31 0 0
47 32 0 0
48 21 0 0
48 22 0 0
48 23 0 0
48 24 0 0
48 25 0 0
48 26 0 0
48 27 0 0
48 28 0 0
48 29 0 0
4 22 0 0
4 23 0 0
4 24 0 0
4 25 0 0
4 26 0 0
4 27 0 0
4 28 0 0
5 19 0 0
5 20 0 0
5 21 0 0
5 29 0 0
5 30 0 0
5 31 0 0
6 16 0 0
6 17 0 0
6 18 0 0
6 32 0 0
6 33 0 0
6 34 0 0
7 15 0 0
7 35 0 0
8 14 0 0
8 23 0 0
8 24 0 0
8 25 0 0
8 26 0 0
8 27 0 0
8 36 0 0
9 12 0 0
9 13 0 0
9 20 0 0
9 21 0 0
9 22 0 0
9 28 0 0
9 29 0 0
9 30 0 0
9 37 0 0
9 38 0 0
10 11 0 0
10 18 0 0
10 19 0 0
10 24 0 0
10 25 0 0
10 26 0 0
10 30 0 0
10 31 0 0
10 32 0 0
10 39 0 0
11 11 0 0
11 12 0 0
11 13 0 0
11 14 0 0
11 15 0 0
11 21 0 0
11 22 0 0
11 23 0 0
11 27 0 0
11 28 0 0
11 29 0 0
11 32 0 0
11 40 0 0
12 9 0 0
12 11 0 0
12 12 0 0
12 13 0 0
12 14 0 0
12 15 0 0
12 18 0 0
12 19 0 0
12 20 0 0
12 30 0 0
12 31 0 0
12 32 0 0
12 33 0 0
12 34 0 0
12 35 0 0
12 41 0 0
13 8 0 0
13 10 0 0
13 11 0 0
13 12 0 0
13 13 0 0
13 18 0 0
13 32 0 0
13 36 0 0
13 37 0 0
13 42 0 0
14 7 0 0
14 32 0 0
14 38 0 0
14 43 0 0
15 7 0 0
15 11 0 0
15 12 0 0
15 13 0 0
15 14 0 0
15 15 0 0
15 16 0 0
15 17 0 0
15 18 0 0
15 19 0 0
15 20 0 0
15 21 0 0
15 22 0 0
15 23 0 0
15 24 0 0
15 25 0 0
15 26 0 0
15 27 0 0
15 28 0 0
15 29 0 0
15 30 0 0
15 31 0 0
15 32 0 0
15 39 0 0
15 43 0 0
15 44 0 0
16 6 0 0
16 11 0 0
16 18 0 0
16 19 0 0
16 20 0 0
16 21 0 0
16 32 0 0
16 39 0 0
16 44 0 0
17 5 0 0
17 10 0 0
17 11 0 0
17 12 0 0
17 13 0 0
17 14 0 0
17 15 0 0
17 16 0 0
17 17 0 0
17 18 0 0
17 19 0 0
17 23 0 0
17 24 0 0
17 25 0 0
17 26 0 0
17 27 0 0
17 32 0 0
17 40 0 0
17 45 0 0
18 5 0 0
18 9 0 0
18 10 0 0
18 11 0 0
18 18 0 0
18 20 0 0
18 21 0 0
18 22 0 0
18 28 0 0
18 29 0 0
18 30 0 0
18 32 0 0
18 40 0 0
18 41 0 0
18 45 0 0
19 4 0 0
19 9 0 0
19 10 0 0
19 11 0 0
19 18 0 0
19 19 0 0
19 31 0 0
19 32 0 0
19 35 0 0
19 41 0 0
19 46 0 0
20 4 0 0
20 8 0 0
20 9 0 0
20 10 0 0
20 15 0 0
20 18 0 0
20 32 0 0
20 35 0 0
20 42 0 0
20 46 0 0
21 3 0 0
21 8 0 0
21 9 0 0
21 14 0 0
21 15 0 0
21 18 0 0
21 22 0 0
21 28 0 0
21 32 0 0
21 35 0 0
21 36 0 0
21 42 0 0
21 47 0 0
22 3 0 0
22 7 0 0
22 8 0 0
22 9 0 0
22 13 0 0
22 14 0 0
22 15 0 0
22 18 0 0
22 22 0 0
22 28 0 0
22 32 0 0
22 35 0 0
22 36 0 0
22 37 0 0
22 43 0 0
22 47 0 0
23 2 0 0
23 7 0 0
23 8 0 0
23 13 0 0
23 15 0 0
23 18 0 0
23 32 0 0
23 35 0 0
23 37 0 0
23 43 0 0
23 48 0 0
24 2 0 0
24 7 0 0
24 8 0 0
24 13 0 0
24 14 0 0
24 18 0 0
24 22 0 0
24 28 0 0
24 32 0 0
24 36 0 0
24 37 0 0
24 43 0 0
24 48 0 0
25 2 0 0
25 7 0 0
25 13 0 0
25 18 0 0
25 22 0 0
25 28 0 0
25 32 0 0
25 37 0 0
25 43 0 0
25 44 0 0
25 45 0 0
25 46 0 0
25 47 0 0
26 2 0 0
26 7 0 0
26 13 0 0
26 18 0 0
26 32 0 0
26 37 0 0
26 43 0 0
27 2 0 0
27 7 0 0
27 13 0 0
27 18 0 0
27 22 0 0
27 28 0 0
27 32 0 0
27 37 0 0
27 43 0 0
27 44 0 0
27 45 0 0
27 46 0 0
27 47 0 0
27 48 0 0
28 2 0 0
28 7 0 0
28 8 0 0
28 13 0 0
28 14 0 0
28 18 0 0
28 22 0 0
28 28 0 0
28 32 0 0
28 36 0 0
28 37 0 0
28 43 0 0
28 48 0 0
29 2 0 0
29 7 0 0
29 8 0 0
29 13 0 0
29 14 0 0
29 15 0 0
29 18 0 0
29 32 0 0
29 35 0 0
29 36 0 0
29 37 0 0
29 42 0 0
29 43 0 0
29 48 0 0
30 2 0 0
30 3 0 0
30 7 0 0
30 9 0 0
30 13 0 0
30 14 0 0
30 15 0 0
30 22 0 0
30 28 0 0
30 35 0 0
30 37 0 0
30 41 0 0
30 42 0 0
30 43 0 0
30 47 0 0
30 48 0 0
31 3 0 0
31 8 0 0
31 9 0 0
31 14 0 0
31 15 0 0
31 16 0 0
31 17 0 0
31 18 0 0
31 22 0 0
31 28 0 0
31 32 0 0
31 33 0 0
31 34 0 0
31 35 0 0
31 36 0 0
31 41 0 0
31 42 0 0
31 47 0 0
32 3 0 0
32 4 0 0
32 8 0 0
32 10 0 0
32 15 0 0
32 18 0 0
32 32 0 0
32 35 0 0
32 40 0 0
32 41 0 0
32 42 0 0
32 46 0 0
33 4 0 0
33 9 0 0
33 11 0 0
33 15 0 0
33 16 0 0
33 17 0 0
33 18 0 0
33 19 0 0
33 31 0 0
33 32 0 0
33 33 0 0
33 34 0 0
33 35 0 0
33 39 0 0
33 40 0 0
33 41 0 0
33 46 0 0
34 4 0 0
34 5 0 0
34 9 0 0
34 11 0 0
34 18 0 0
34 19 0 0
34 20 0 0
34 21 0 0
34 22 0 0
34 28 0 0
34 29 0 0
34 30 0 0
34 31 0 0
34 32 0 0
34 39 0 0
34 41 0 0
34 45 0 0
35 5 0 0
35 10 0 0
35 12 0 0
35 18 0 0
35 22 0 0
35 23 0 0
35 24 0 0
35 25 0 0
35 26 0 0
35 27 0 0
35 28 0 0
35 32 0 0
35 38 0 0
35 39 0 0
35 40 0 0
35 45 0 0
36 5 0 0
36 6 0 0
36 11 0 0
36 13 0 0
36 19 0 0
36 20 0 0
36 21 0 0
36 29 0 0
36 30 0 0
36 31 0 0
36 37 0 0
36 38 0 0
36 39 0 0
36 44 0 0
37 6 0 0
37 7 0 0
37 11 0 0
37 14 0 0
37 15 0 0
37 22 0 0
37 23 0 0
37 24 0 0
37 25 0 0
37 26 0 0
37 27 0 0
37 28 0 0
37 35 0 0
37 36 0 0
37 37 0 0
37 39 0 0
37 43 0 0
38 7 0 0
38 12 0 0
38 16 0 0
38 34 0 0
38 35 0 0
38 38 0 0
38 43 0 0
39 7 0 0
39 8 0 0
39 13 0 0
39 14 0 0
39 17 0 0
39 33 0 0
39 34 0 0
39 36 0 0
39 37 0 0
39 42 0 0
40 8 0 0
40 9 0 0
40 15 0 0
40 17 0 0
40 18 0 0
40 19 0 0
40 20 0 0
40 28 0 0
40 32 0 0
40 33 0 0
40 35 0 0
40 41 0 0
41 9 0 0
41 10 0 0
41 16 0 0
41 20 0 0
41 21 0 0
41 22 0 0
41 23 0 0
41 27 0 0
41 28 0 0
41 29 0 0
41 30 0 0
41 31 0 0
41 32 0 0
41 34 0 0
41 40 0 0
41 41 0 0
42 10 0 0
42 11 0 0
42 17 0 0
42 18 0 0
42 19 0 0
42 24 0 0
42 26 0 0
42 33 0 0
42 39 0 0
42 40 0 0
43 11 0 0
43 12 0 0
43 13 0 0
43 20 0 0
43 21 0 0
43 22 0 0
43 24 0 0
43 26 0 0
43 28 0 0
43 29 0 0
43 30 0 0
43 31 0 0
43 32 0 0
43 37 0 0
43 38 0 0
43 39 0 0
44 13 0 0
44 14 0 0
44 23 0 0
44 24 0 0
44 26 0 0
44 27 0 0
44 36 0 0
44 37 0 0
45 14 0 0
45 15 0 0
45 35 0 0
45 36 0 0
46 15 0 0
46 16 0 0
46 17 0 0
46 18 0 0
46 32 0 0
46 33 0 0
46 34 0 0
46 35 0 0
47 18 0 0
47 19 0 0
47 20 0 0
47 21 0 0
47 29 0 0
47 30 0 0
47 31 0 0
47 32 0 0
48 21 0 0
48 22 0 0
48 23 0 0
48 24 0 0
48 25 0 0
48 26 0 0
48 27 0 0
48 28 0 0
48 29 0 0
