27 23
13 23 1 1
0
0
0
3 6
26 21 0 0
27 21 0 0
25 21 0 0
26 25 0 0
27 25 0 0
5 4 0 0
5 5 0 0
5 6 0 0
5 41 0 0
5 42 0 0
5 43 0 0
6 3 0 0
6 7 0 0
6 40 0 0
6 44 0 0
7 3 0 0
7 7 0 0
7 40 0 0
8 3 0 0
8 7 0 0
8 40 0 0
8 44 0 0
9 3 0 0
9 7 0 0
9 40 0 0
9 44 0 0
10 2 0 0
10 7 0 0
10 39 0 0
10 40 0 0
10 44 0 0
11 1 0 0
11 8 0 0
11 38 0 0
11 44 0 0
12 0 0 0
12 9 0 0
12 20 0 0
12 21 0 0
12 22 0 0
12 23 0 0
12 24 0 0
12 25 0 0
12 26 0 0
12 37 0 0
12 44 0 0
13 0 0 0
13 10 0 0
13 11 0 0
13 12 0 0
13 13 0 0
13 14 0 0
13 15 0 0
13 16 0 0
13 17 0 0
13 18 0 0
13 19 0 0
13 27 0 0
13 28 0 0
13 29 0 0
13 30 0 0
13 31 0 0
13 32 0 0
13 33 0 0
13 34 0 0
13 35 0 0
13 36 0 0
13 44 0 0
14 1 0 0
14 5 0 0
14 11 0 0
14 13 0 0
14 15 0 0
14 17 0 0
14 29 0 0
14 31 0 0
14 33 0 0
14 35 0 0
14 42 0 0
14 45 0 0
14 46 0 0
14 47 0 0
14 48 0 0
14 49 0 0
15 2 0 0
15 3 0 0
15 4 0 0
15 6 0 0
15 41 0 0
15 43 0 0
16 0 0 0
16 7 0 0
16 40 0 0
16 44 0 0
17 0 0 0
17 2 0 0
17 3 0 0
17 4 0 0
17 6 0 0
17 41 0 0
17 43 0 0
18 0 0 0
18 1 0 0
18 5 0 0
18 42 0 0
18 45 0 0
18 46 0 0
18 47 0 0
18 48 0 0
18 49 0 0
19 0 0 0
19 10 0 0
19 11 0 0
19 12 0 0
19 13 0 0
19 14 0 0
19 15 0 0
19 16 0 0
19 17 0 0
19 18 0 0
19 19 0 0
19 20 0 0
19 21 0 0
19 25 0 0
19 26 0 0
19 27 0 0
19 28 0 0
19 29 0 0
19 30 0 0
19 32 0 0
19 33 0 0
19 34 0 0
19 35 0 0
19 36 0 0
19 44 0 0
20 0 0 0
20 9 0 0
20 37 0 0
20 44 0 0
21 1 0 0
21 8 0 0
21 25 0 0
21 38 0 0
21 44 0 0
22 2 0 0
22 7 0 0
22 25 0 0
22 39 0 0
22 40 0 0
22 44 0 0
23 3 0 0
23 7 0 0
23 25 0 0
23 40 0 0
23 44 0 0
24 3 0 0
24 7 0 0
24 25 0 0
24 40 0 0
24 44 0 0
25 3 0 0
25 7 0 0
25 40 0 0
26 3 0 0
26 7 0 0
26 25 0 0
26 40 0 0
26 44 0 0
27 3 0 0
27 4 0 0
27 5 0 0
27 6 0 0
27 7 0 0
27 25 0 0
27 40 0 0
27 41 0 0
27 42 0 0
27 43 0 0
