50 11
51 18 1 1
1 0 0
1 1
14 34 1 1
1 0 0
1 1
21 11 1 1
1 0 0
1 1
30 26 1 1
1 0 0
1 1
26 43 1 1
1 0 0
1 1
11 44 1 3
0 0 0
2 6
Lamia: Quem é você?;
Biorn: Meu nome é Biorn,;
levarei sua cabeça para Odin,bruxa!;
Lamia: Hahaha, primeiro eu vou; 
me divertir com você! e depois,;
irei estraçalha-lo! Hahahaha;
1 0
3 1
11 45 1 3
0 0 0
2 6
Lamia: Quem é você?;
Biorn: Meu nome é Biorn,;
levarei sua cabeça para Odin,bruxa!;
Lamia: Hahaha, primeiro eu vou; 
me divertir com você! e depois,;
irei estraçalha-lo! Hahahaha;
1 0
3 1
11 43 1 3
0 0 0
2 6
Lamia: Quem é você?;
Biorn: Meu nome é Biorn,;
levarei sua cabeça para Odin,bruxa!;
Lamia: Hahaha, primeiro eu vou; 
me divertir com você! e depois,;
irei estraçalha-lo! Hahahaha;
1 0
3 1
6 7 0 0
6 8 0 0
6 10 0 0
6 11 0 0
6 12 0 0
6 17 0 0
6 18 0 0
6 19 0 0
6 21 0 0
6 22 0 0
6 23 0 0
6 24 0 0
7 7 0 0
7 12 0 0
7 13 0 0
7 24 0 0
7 27 0 0
8 7 0 0
8 11 0 0
8 13 0 0
8 14 0 0
8 27 0 0
8 34 0 0
8 35 0 0
8 36 0 0
8 40 0 0
8 41 0 0
8 42 0 0
8 46 0 0
8 47 0 0
8 48 0 0
9 7 0 0
9 15 0 0
9 24 0 0
9 27 0 0
9 34 0 0
9 36 0 0
9 40 0 0
9 41 0 0
9 47 0 0
9 48 0 0
10 7 0 0
10 13 0 0
10 15 0 0
10 24 0 0
10 27 0 0
10 34 0 0
10 36 0 0
10 41 0 0
10 42 0 0
10 44 0 0
10 45 0 0
10 47 0 0
11 7 0 0
11 13 0 0
11 15 0 0
11 24 0 0
11 25 0 0
11 26 0 0
11 28 0 0
11 30 0 0
11 31 0 0
11 32 0 0
11 33 0 0
11 36 0 0
12 8 0 0
12 9 0 0
12 12 0 0
12 28 0 0
12 36 0 0
13 9 0 0
13 11 0 0
13 15 0 0
13 24 0 0
13 25 0 0
13 27 0 0
13 28 0 0
13 36 0 0
14 9 0 0
14 11 0 0
14 15 0 0
14 22 0 0
14 25 0 0
14 27 0 0
14 36 0 0
15 9 0 0
15 11 0 0
15 22 0 0
15 27 0 0
15 29 0 0
15 37 0 0
15 38 0 0
15 39 0 0
15 40 0 0
15 41 0 0
15 42 0 0
15 43 0 0
15 44 0 0
15 45 0 0
15 48 0 0
15 49 0 0
16 8 0 0
16 9 0 0
16 11 0 0
16 15 0 0
16 22 0 0
16 27 0 0
16 29 0 0
16 49 0 0
17 9 0 0
17 11 0 0
17 15 0 0
17 22 0 0
17 25 0 0
17 29 0 0
17 30 0 0
17 31 0 0
17 32 0 0
17 33 0 0
17 37 0 0
17 38 0 0
17 39 0 0
17 41 0 0
17 42 0 0
17 46 0 0
17 47 0 0
17 48 0 0
17 49 0 0
18 8 0 0
18 9 0 0
18 11 0 0
18 12 0 0
18 15 0 0
18 22 0 0
18 25 0 0
18 27 0 0
18 34 0 0
18 36 0 0
18 42 0 0
18 43 0 0
18 44 0 0
19 7 0 0
19 8 0 0
19 15 0 0
19 25 0 0
19 27 0 0
19 34 0 0
19 36 0 0
19 45 0 0
20 7 0 0
20 13 0 0
20 15 0 0
20 22 0 0
20 25 0 0
20 27 0 0
20 34 0 0
20 35 0 0
20 36 0 0
20 43 0 0
20 45 0 0
21 7 0 0
21 13 0 0
21 15 0 0
21 22 0 0
21 24 0 0
21 25 0 0
21 27 0 0
21 43 0 0
22 7 0 0
22 13 0 0
22 15 0 0
22 16 0 0
22 17 0 0
22 18 0 0
22 19 0 0
22 20 0 0
22 22 0 0
22 23 0 0
22 24 0 0
22 25 0 0
22 27 0 0
22 31 0 0
22 34 0 0
22 35 0 0
22 36 0 0
22 40 0 0
22 43 0 0
22 44 0 0
22 45 0 0
23 7 0 0
23 13 0 0
23 25 0 0
23 45 0 0
23 47 0 0
24 7 0 0
24 13 0 0
24 14 0 0
24 15 0 0
24 16 0 0
24 25 0 0
24 45 0 0
25 8 0 0
25 10 0 0
25 11 0 0
25 12 0 0
25 16 0 0
25 25 0 0
25 33 0 0
25 34 0 0
25 35 0 0
25 36 0 0
25 37 0 0
25 38 0 0
25 39 0 0
25 40 0 0
25 41 0 0
25 42 0 0
25 43 0 0
25 44 0 0
25 45 0 0
25 47 0 0
26 8 0 0
26 10 0 0
26 16 0 0
26 25 0 0
26 32 0 0
26 47 0 0
27 8 0 0
27 10 0 0
27 17 0 0
27 18 0 0
27 19 0 0
27 20 0 0
27 21 0 0
27 23 0 0
27 24 0 0
27 25 0 0
27 32 0 0
27 34 0 0
27 35 0 0
27 36 0 0
27 37 0 0
27 38 0 0
27 39 0 0
27 40 0 0
27 41 0 0
27 42 0 0
27 43 0 0
27 44 0 0
27 45 0 0
27 46 0 0
28 8 0 0
28 23 0 0
28 25 0 0
28 32 0 0
28 34 0 0
28 50 0 0
29 8 0 0
29 10 0 0
29 23 0 0
29 25 0 0
29 28 0 0
29 29 0 0
29 30 0 0
29 31 0 0
29 32 0 0
29 34 0 0
29 40 0 0
29 41 0 0
29 42 0 0
29 43 0 0
29 44 0 0
29 45 0 0
29 46 0 0
29 47 0 0
29 48 0 0
29 49 0 0
29 50 0 0
30 10 0 0
30 23 0 0
30 25 0 0
30 27 0 0
30 35 0 0
30 36 0 0
30 37 0 0
30 38 0 0
30 39 0 0
31 8 0 0
31 10 0 0
31 11 0 0
31 12 0 0
31 13 0 0
31 21 0 0
31 22 0 0
31 25 0 0
31 27 0 0
32 7 0 0
32 13 0 0
32 21 0 0
32 25 0 0
32 27 0 0
32 39 0 0
32 48 0 0
33 7 0 0
33 13 0 0
33 14 0 0
33 15 0 0
33 16 0 0
33 17 0 0
33 18 0 0
33 19 0 0
33 21 0 0
33 22 0 0
33 23 0 0
33 25 0 0
33 27 0 0
33 39 0 0
33 48 0 0
34 7 0 0
34 13 0 0
34 25 0 0
34 27 0 0
34 39 0 0
34 46 0 0
35 7 0 0
35 13 0 0
35 15 0 0
35 16 0 0
35 25 0 0
35 39 0 0
35 46 0 0
36 7 0 0
36 15 0 0
36 25 0 0
36 26 0 0
36 27 0 0
36 39 0 0
37 7 0 0
37 13 0 0
37 14 0 0
37 27 0 0
37 40 0 0
37 41 0 0
37 42 0 0
37 43 0 0
37 44 0 0
37 46 0 0
38 8 0 0
38 9 0 0
38 10 0 0
38 12 0 0
38 28 0 0
38 29 0 0
38 30 0 0
38 31 0 0
38 32 0 0
38 34 0 0
38 44 0 0
38 46 0 0
39 10 0 0
39 12 0 0
39 44 0 0
40 10 0 0
40 12 0 0
40 16 0 0
40 17 0 0
40 18 0 0
40 20 0 0
40 21 0 0
40 22 0 0
40 23 0 0
40 32 0 0
40 34 0 0
40 41 0 0
40 42 0 0
40 43 0 0
40 44 0 0
40 46 0 0
41 10 0 0
41 32 0 0
41 34 0 0
41 40 0 0
41 46 0 0
42 10 0 0
42 11 0 0
42 12 0 0
42 13 0 0
42 14 0 0
42 15 0 0
42 16 0 0
42 17 0 0
42 18 0 0
42 19 0 0
42 20 0 0
42 21 0 0
42 22 0 0
42 24 0 0
42 32 0 0
42 34 0 0
42 40 0 0
42 42 0 0
42 43 0 0
42 44 0 0
42 45 0 0
43 21 0 0
43 22 0 0
43 24 0 0
43 32 0 0
43 34 0 0
43 40 0 0
43 42 0 0
44 20 0 0
44 21 0 0
44 22 0 0
44 25 0 0
44 26 0 0
44 32 0 0
44 34 0 0
44 40 0 0
44 42 0 0
45 9 0 0
45 10 0 0
45 11 0 0
45 12 0 0
45 14 0 0
45 15 0 0
45 20 0 0
45 21 0 0
45 22 0 0
45 24 0 0
45 25 0 0
45 26 0 0
45 31 0 0
45 32 0 0
45 34 0 0
45 38 0 0
45 39 0 0
45 40 0 0
45 42 0 0
45 47 0 0
45 48 0 0
45 49 0 0
45 50 0 0
45 51 0 0
45 52 0 0
45 53 0 0
45 54 0 0
46 8 0 0
46 16 0 0
46 26 0 0
46 29 0 0
46 30 0 0
46 35 0 0
46 46 0 0
46 49 0 0
46 54 0 0
47 8 0 0
47 16 0 0
47 18 0 0
47 26 0 0
47 28 0 0
47 35 0 0
47 45 0 0
47 46 0 0
47 47 0 0
48 16 0 0
48 18 0 0
48 19 0 0
48 26 0 0
48 28 0 0
48 35 0 0
48 43 0 0
48 44 0 0
48 51 0 0
48 52 0 0
48 54 0 0
49 8 0 0
49 18 0 0
49 19 0 0
49 26 0 0
49 28 0 0
49 35 0 0
49 50 0 0
49 51 0 0
49 54 0 0
50 8 0 0
50 16 0 0
50 18 0 0
50 19 0 0
50 26 0 0
50 28 0 0
50 37 0 0
50 43 0 0
50 51 0 0
50 52 0 0
50 54 0 0
51 8 0 0
51 16 0 0
51 26 0 0
51 28 0 0
51 35 0 0
51 37 0 0
51 43 0 0
51 52 0 0
52 9 0 0
52 10 0 0
52 11 0 0
52 12 0 0
52 13 0 0
52 14 0 0
52 15 0 0
52 17 0 0
52 18 0 0
52 19 0 0
52 26 0 0
52 29 0 0
52 30 0 0
52 31 0 0
52 32 0 0
52 33 0 0
52 34 0 0
52 37 0 0
52 43 0 0
52 44 0 0
52 45 0 0
52 54 0 0
53 20 0 0
53 21 0 0
53 22 0 0
53 23 0 0
53 24 0 0
53 25 0 0
53 38 0 0
53 39 0 0
53 41 0 0
53 42 0 0
53 46 0 0
53 47 0 0
53 48 0 0
53 49 0 0
53 50 0 0
53 51 0 0
53 52 0 0
53 53 0 0
