39 7
13 15 1 3
0 0 0
2 3
Dragao: Como ousas me acordar inseto?;
Biorn: Levante-se e lute besta!;
Dragão: Inseto insolente,queimarei sua alma!;
1 1
3 1
13 16 1 3
0 0 0
2 3
Dragao: Como ousas me acordar inseto?;
Biorn: Levante-se e lute besta!;
Dragão: Inseto insolente,queimarei sua alma!;
1 1
3 1
13 17 1 3
0 0 0
2 3
Dragao: Como ousas me acordar inseto?;
Biorn: Levante-se e lute besta!;
Dragão: Inseto insolente,queimarei sua alma!;
1 1
3 1
6 22 0 0
25 9 1 1
1 0 0
1 0
25 20 1 1
1 0 0
1 0
20 14 1 1
1 0 0
1 0
7 9 0 0
7 10 0 0
7 11 0 0
7 12 0 0
7 13 0 0
7 14 0 0
7 15 0 0
7 16 0 0
7 17 0 0
7 18 0 0
7 19 0 0
7 20 0 0
7 21 0 0
7 22 0 0
7 25 0 0
7 26 0 0
7 27 0 0
7 28 0 0
7 29 0 0
7 30 0 0
7 31 0 0
7 32 0 0
8 8 0 0
8 22 0 0
8 24 0 0
8 32 0 0
9 8 0 0
9 13 0 0
9 14 0 0
9 15 0 0
9 16 0 0
9 17 0 0
9 18 0 0
9 22 0 0
9 24 0 0
9 32 0 0
10 8 0 0
10 13 0 0
10 14 0 0
10 15 0 0
10 16 0 0
10 17 0 0
10 18 0 0
10 22 0 0
10 24 0 0
10 32 0 0
11 8 0 0
11 13 0 0
11 14 0 0
11 15 0 0
11 16 0 0
11 17 0 0
11 22 0 0
11 24 0 0
11 32 0 0
12 8 0 0
12 13 0 0
12 14 0 0
12 15 0 0
12 16 0 0
12 17 0 0
12 22 0 0
12 23 0 0
12 24 0 0
12 32 0 0
13 8 0 0
13 24 0 0
13 32 0 0
14 8 0 0
14 22 0 0
14 32 0 0
15 8 0 0
15 22 0 0
15 23 0 0
15 24 0 0
15 32 0 0
16 8 0 0
16 22 0 0
16 24 0 0
16 26 0 0
16 27 0 0
16 28 0 0
16 29 0 0
16 30 0 0
16 31 0 0
17 8 0 0
17 22 0 0
17 24 0 0
17 26 0 0
18 8 0 0
18 22 0 0
18 24 0 0
18 26 0 0
19 9 0 0
19 10 0 0
19 11 0 0
19 12 0 0
19 13 0 0
19 15 0 0
19 16 0 0
19 17 0 0
19 18 0 0
19 19 0 0
19 21 0 0
19 24 0 0
19 26 0 0
20 13 0 0
20 15 0 0
20 19 0 0
20 21 0 0
20 24 0 0
20 26 0 0
21 9 0 0
21 10 0 0
21 11 0 0
21 12 0 0
21 13 0 0
21 15 0 0
21 19 0 0
21 21 0 0
21 24 0 0
21 26 0 0
22 8 0 0
22 15 0 0
22 19 0 0
22 21 0 0
22 24 0 0
22 27 0 0
23 8 0 0
23 10 0 0
23 11 0 0
23 12 0 0
23 13 0 0
23 14 0 0
23 19 0 0
23 21 0 0
23 25 0 0
23 27 0 0
24 8 0 0
24 10 0 0
24 19 0 0
24 21 0 0
24 25 0 0
24 27 0 0
25 8 0 0
25 10 0 0
25 11 0 0
25 12 0 0
25 13 0 0
25 14 0 0
25 15 0 0
25 16 0 0
25 17 0 0
25 18 0 0
25 19 0 0
25 21 0 0
25 22 0 0
25 23 0 0
25 24 0 0
25 25 0 0
25 27 0 0
25 28 0 0
25 29 0 0
25 30 0 0
26 7 0 0
26 31 0 0
27 7 0 0
27 13 0 0
27 14 0 0
27 15 0 0
27 22 0 0
27 23 0 0
27 24 0 0
27 31 0 0
28 5 0 0
28 6 0 0
28 13 0 0
28 15 0 0
28 22 0 0
28 24 0 0
28 31 0 0
29 4 0 0
29 13 0 0
29 15 0 0
29 22 0 0
29 24 0 0
29 31 0 0
30 4 0 0
30 13 0 0
30 15 0 0
30 22 0 0
30 25 0 0
30 26 0 0
30 27 0 0
30 28 0 0
30 30 0 0
31 4 0 0
31 9 0 0
31 11 0 0
31 12 0 0
31 15 0 0
31 16 0 0
31 17 0 0
31 18 0 0
31 19 0 0
31 20 0 0
31 21 0 0
31 28 0 0
31 30 0 0
32 4 0 0
32 9 0 0
32 11 0 0
32 18 0 0
32 26 0 0
32 27 0 0
32 28 0 0
32 30 0 0
33 4 0 0
33 9 0 0
33 11 0 0
33 12 0 0
33 13 0 0
33 14 0 0
33 15 0 0
33 16 0 0
33 17 0 0
33 18 0 0
33 25 0 0
33 30 0 0
34 4 0 0
34 9 0 0
34 18 0 0
34 25 0 0
34 27 0 0
34 28 0 0
34 29 0 0
35 4 0 0
35 9 0 0
35 10 0 0
35 11 0 0
35 12 0 0
35 13 0 0
35 14 0 0
35 15 0 0
35 16 0 0
35 18 0 0
35 25 0 0
35 27 0 0
36 4 0 0
36 9 0 0
36 16 0 0
36 18 0 0
36 25 0 0
36 27 0 0
36 28 0 0
36 29 0 0
36 30 0 0
36 31 0 0
37 4 0 0
37 9 0 0
37 10 0 0
37 11 0 0
37 12 0 0
37 13 0 0
37 14 0 0
37 16 0 0
37 18 0 0
37 19 0 0
37 20 0 0
37 21 0 0
37 23 0 0
37 24 0 0
37 25 0 0
37 32 0 0
38 4 0 0
38 15 0 0
38 22 0 0
38 32 0 0
39 4 0 0
39 13 0 0
39 15 0 0
39 22 0 0
39 24 0 0
39 25 0 0
39 32 0 0
40 4 0 0
40 13 0 0
40 24 0 0
40 25 0 0
40 32 0 0
41 4 0 0
41 13 0 0
41 14 0 0
41 15 0 0
41 22 0 0
41 23 0 0
41 25 0 0
41 32 0 0
42 4 0 0
42 13 0 0
42 15 0 0
42 22 0 0
42 25 0 0
42 32 0 0
43 5 0 0
43 6 0 0
43 7 0 0
43 13 0 0
43 15 0 0
43 22 0 0
43 25 0 0
43 32 0 0
44 8 0 0
44 9 0 0
44 10 0 0
44 11 0 0
44 12 0 0
44 16 0 0
44 17 0 0
44 18 0 0
44 19 0 0
44 20 0 0
44 21 0 0
44 26 0 0
44 27 0 0
44 28 0 0
44 29 0 0
44 30 0 0
44 31 0 0
